150 150 150
112 105  19
 89 121  72
 29  26 199
242 107 146
 68 218 116
 54  72 205
152   3 129
 98  55  74
 58  19  33
120   0 200
180 191  29
 99 242 104
203 102 204
109 206  24
164 194  17
245  22 110
237  33 141
 66 226 253
192 255 193
 85 243 231
243 215 145
160 113 101
 53 118 126
  3 177  32
186 139 153
 71 146 227
215   4 215
217 173 183
 69 148  46
239  85  20
108 116 224
 56 214  26
179 147  43
 48 188 172
 64  86 142
118 193 163
 14  32  79
 59  37 212
 84 170 220
159  58 173
 63  73 209
129 235 107
231 115  40
 36  74  95
 13  94 165
140 167 255
117  93  91
183  10 186
 76 110 234
  5  60 233
240  59 210
